4 12 14 22 24 26 28 ---第 4 密 6704366 例 607436 AA
6 10 12 14 18 20 22 ---第 7 密 4788067 例 332272 AA

12 14 22


3 9 13 19 21 29 33 ---第 4 密 3324609 例 5071280 AA

1 5 9 11 15 19 23 ---第 4 密 8237476 例 9997712 AA
3 9 11 19 21 23 25 ---第 4 密 9024741 例 10602724 AA


09 19
03 09 19 21

09 11 19 23


09 11 14 19 21 22
------------------------------------

1 9 15 23 27 29 33 ---第 4 密 8237476 例 9997713 AA
1 7 21 23 27 31 33 ---第 4 密 1610370 例 14318542 AA

01 23 27 33

4 6 18 20 22 30 32 ---第 4 密 3019596 例 172767 AA
6 8 10 12 20 26 28 ---第 4 密 5486735 例 172266 AA

06 20

4 10 12 14 16 20 24 ---第 4 密 5446900 例 204271 AA

04 20

10 12 20

01 04 10 20 27 33
