07 03    02  00

09 07    06  00

05         02

0207-0906-0502

=COUNTIF($A:$C,K1)+COUNTIF($A:$AD,AH2)
Administrators

07   08
01   02
01   06


09 08
05 06
01 06

09 08
09 06
01 00

09 04
09 02
01 08

13    08
13    04
17    08

0138
0134
0178

13 04
35 04
19 08
 
31      08 
35      60
73      80

30
36
78


0138
0356
0378

038
356
078
----------------------
31      +64 
+31      60
73      +40

36
36
47

1346
0136
0347

----------------------
5*3  64
73   60
73   68

56
67
67

------------------------
59   64
73   08
75   68

56
07
67
----------------------2025-06-10
37    64
73*  08
75   80

36
07
78
-----------------------2025-06-12
37  64
17  62
59  64
----------------------------------------2025-06-13
13   04
3     2
5     2

01
23
25
----------------------------------------------------
11	77	99	---第	6

11	33	55	---第	5
33	55	77	---第	5

33	55	77	---第	8
33	55	99	---第	5

1  0*4
3   2*8
5    2
-----------------------------------


144-288204
10	20	40	---第	24



2-1
142----379
143----05	07	09	---第	18
01	03	09	---第	16
01	05	09	---第	16
03	07	09	---第	16
3-1
01	03	05	---第	18

11	15	17				---第	18
11	17	19				---第	18

10	14	18	---第	18

---
1-1
6	4	4	4	6-----------------151
6	2	2	5	3

1-2
3	5	2	4	4----------145
5	4	6	3	3----------148
3	4	2	4	2----------152
2-1
2	4	2	2	5---------148
4	3	5	4	2---------149
2	3	3	2	2---------151
2-2
4	1	7	4	5----------145
2	3	4	4	2---------147
3	5	7	6	3--------150

3-1
579------150
2	6	3	3	4------31
3-2

3	4	6	3	5----149
4	4	3	2	5-----151
6	4	4	5	5-----148



12
54
38
------------------------------------


3 排除7 9 1     4去80   
1  排除3 7 9 5   2排除4608
1  排9                0 排除68

34
12
01

--------------------------------------------------------------------
3拍715               0 拍6   84     0 2
7                 2拍4 6 8 0
7拍3 5 1 9    6 拍2 8 4 0


----拍
2-1-----9 3 5 1
5 
3-12 15
1-12
7-15
9-15

------------------------------------------
39   02----48
9                      64不好说   拍2
15                    0

05
09       08
67
-------------------------------
5               4 拍620
93 拍7      80拍246
19拍3       68拍2

--------------------
03	05	09	---第	16---152
03	07	09	---第	17---151
01	03	07	---第	17----149
01	03	07	---第	15-----148

00	04	08	---第	15
00	04	06	---第	17
00	04	08	---第	12
00	02	08	---第	13

01	03	09	---第	9
03	07	09	---第	9
01	05	07	---第	12

01	03	09	---第	23
01	05	09	---第	20
03	05	09	---第	20
01	03	09	---第	21
------------------------------------------
10	14	16	---第	23
10	12	16	---第	19
12	14	16	---第	19

14	16	18	---第	18
10	14	18	---第	18
10	14	16	---第	18
10	16	18	---第	19

10	12	18	---第	20
10	14	18	---第	20
10	14	16	---第	22
14	16	18	---第	22

12	16	18	---第	17
12	16	18	---第	17
10	12	16	---第	17

10	12	18	---第	16
10	14	16	---第	15
12	16	18	---第	15
12	14	18	---第	17


10	14	16	---第	23
10	16	18	---第	19
10	14	16	---第	22
14	16	18	---第	22

---------------------------------------
10	14	16	---第	23
10	16	18	---第	19
10	14	16	---第	22
14	16	18	---第	22

12	16	18	---第	17
12	16	18	---第	17
10	12	16	---第	17

12	14	18	---第	17


-------------------------------
5               4 拍620
93 拍7      80拍246
19拍3       68拍2

--------------------
5   8
19    80拍246
19    80



----------------
01	03	09	---第	15---152

01	03	07	---第	15---151
01	07	09	---第	15
01	03	09	---第	15

01	03	09	---第	14
05	07	09	---第	14

03	05	09


10	16	18	---第	20
12	14	18	---第	20
10	12	18	---第	19

10	12	14	---第	17
12	14	18	---第	18

10	12	16	---第	15
10	14	18	---第	15


10	12	16----------18--152

14	16	18	---第	16
14	16	18	---第	17

=IFS(K1&L1&M1="112", 1, 
     K1&L1&M1="121", 2, 
     K1&L1&M1="122", 3, 
     K1&L1&M1="212", 4, 
     K1&L1&M1="221", 5, 
     K1&L1&M1="211", 6)
