.LOG

01 08 09 11 22 28+8
04 08 11 19 22 28+16


22:39 2025-04-08


2 4 8 12 14 18 20 26 28 ---第 5 密 3513879 例 17705 AA
4 14 16 22 24 26 28 30 32 ---第 7 密 1167893 例 234745 AA

04 14 26 28

2 4 10 12 16 22 24 30 32 ---第 8 密 5781529 例 2317322 AA
6 10 12 14 16 22 26 28 32 ---第 6 密 6767132 例 10342 AA

10 12 16 22 32

01:40 2025-04-09


01 03 04 14 26 31

14:10 2025-04-11
---------------------------------------------2025-04-11 ⤵

10 12 14 18 22 24 26 ---第 7 密 1531339 例 5401211 AA

2 12 24 26 28 30 32 ---第 5 密 2882513 例 285671 AA
2 6 12 16 20 24 30 ---第 5 密 7754580 例 398944 AA
6 10 12 18 20 22 28 ---第 5 密 4215259 例 467119 AA

02 12 24 30
12 28
06 12 20

12 24 26
12 24
10 12 18 22

2 6 8 12 18 24 28 ---第 4 密 3617173 例 19263 AA
4 8 12 16 18 20 32 ---第 4 密 8847203 例 21028 AA
2 8 10 12 14 18 24 ---第 4 密 8522293 例 22743 AA

08 12 18
02 08 12 18 

08 12 18

1 3 5 19 27 31 33 ---第 5 密 8989092 例 1402069 AA

3 5 7 11 13 15 17 ---第 4 密 6886149 例 2765705 AA
1 5 9 11 19 25 27 ---第 4 密 6772433 例 3278539 AA
3 5 11 13 17 25 29 ---第 4 密 4860812 例 4077870 AA

05 11 
03 05 11 13 17
11 25

03 05
05 19 27
03 05

05 08 12 18 19 27
