4 8 10 14 20 22 24 26 28 ---第 12 密 3693823 例 1768337 AA
2 4 8 10 12 22 24 28 32 ---第 12 密 4154630 例 2238051 AA
4 6 8 16 18 22 28 30 32 ---第 12 密 6421239 例 5904893 AA

04 08 10 22 24 28

04 08 22 28

1	9	11	13	19	21	25	27	29
1	3	7	9	11	23	27	31	33
7	11	13	15	17	19	21	23	33


01 09 11 27

11 13 19 21

01 08 09 11 22 28

04 08 11 22 28--13 19 21

05 12    ---第 19 随机 73021 例 93318688 AA

02 08    ---第 18 随机 51890 例 95284397 AA-----
08 12    ---第 18 随机 61100 例 124280832 AA-----
02 12    ---第 18 随机 20202 例 127382223 AA------

02 05 08    ---第 18 随机 85172 例 108632213 AA

02 12 15    ---第 17 随机 64280 例 52225950 AA
05 08 15    ---第 17 随机 14560 例 88468772 AA
05 12 15    ---第 17 随机 44329 例 92090237 AA
02 05 08    ---第 17 随机 87864 例 95802877 AA
